61.666666666666664
56.666666666666664
77.66666666666667
59.333333333333336
75.0
69.33333333333333
62.333333333333336
44.0
62.666666666666664
44.0
59.666666666666664
59.0
64.66666666666667
43.666666666666664
51.666666666666664
72.33333333333333
69.33333333333333
67.0
52.666666666666664
58.0
60.333333333333336
60.666666666666664
37.666666666666664
53.333333333333336
69.0
58.666666666666664
66.0
55.0
57.666666666666664
71.0
69.0
69.0
78.33333333333333
65.0
61.0
62.666666666666664
74.33333333333333
72.66666666666667
49.333333333333336
72.66666666666667
54.0
49.333333333333336
76.66666666666667
73.0
66.66666666666667
67.33333333333333
84.66666666666667
50.666666666666664
64.33333333333333
70.0
55.0
91.33333333333333
67.66666666666667
49.666666666666664
50.0
48.333333333333336
88.66666666666667
54.666666666666664
58.666666666666664
71.66666666666667
66.0
38.666666666666664
51.666666666666664
45.666666666666664
58.359375 63.984375 63.671875